4 0.49583333333333335 0.4142857142857143 0.045000000000000005 0.2253968253968254
4 0.6095833333333334 0.15158730158730158 0.1125 0.11587301587301588
4 0.73875 0.33095238095238094 0.11083333333333334 0.12222222222222222
4 0.5029166666666667 0.8103174603174603 0.11416666666666668 0.14444444444444443
4 0.34625 0.6658730158730158 0.08916666666666667 0.2492063492063492
4 0.14750000000000002 0.7706349206349207 0.125 0.17936507936507937
4 0.1691666666666667 0.2833333333333333 0.06333333333333334 0.23333333333333334
4 0.05541666666666667 0.4222222222222222 0.08750000000000001 0.21904761904761905
4 0.0575 0.7666666666666667 0.05 0.24126984126984127
4 0.22541666666666668 0.5063492063492063 0.10416666666666667 0.2253968253968254
4 0.3491666666666667 0.15 0.11666666666666667 0.2015873015873016
4 0.46125000000000005 0.19603174603174603 0.0575 0.2015873015873016
4 0.5825 0.6301587301587301 0.11 0.15555555555555556
4 0.6954166666666667 0.5841269841269842 0.10916666666666668 0.12698412698412698
4 0.74875 0.8698412698412699 0.050833333333333335 0.21904761904761905
4 0.8091666666666667 0.5865079365079365 0.08833333333333333 0.07777777777777778
4 0.39958333333333335 0.4753968253968254 0.10250000000000001 0.20476190476190476
4 0.07375000000000001 0.15158730158730158 0.0625 0.22698412698412698
4 0.2854166666666667 0.8904761904761904 0.052500000000000005 0.16825396825396827
