0 0.11273792093704246 0.21498054474708173 0.18740849194729137 0.18093385214007782
0 0.14568081991215226 0.7159533073929961 0.07174231332357248 0.07003891050583658
0 0.44692532942898977 0.6245136186770428 0.07686676427525622 0.07782101167315175
0 0.6090775988286969 0.6254863813229572 0.040995607613469986 0.04085603112840467
0 0.8140556368960469 0.6614785992217899 0.03953147877013177 0.03501945525291829
0 0.9813323572474378 0.7023346303501946 0.03294289897510981 0.038910505836575876
0 0.49926793557833093 0.4678988326848249 0.032210834553440704 0.07587548638132297
0 0.7295021961932651 0.541828793774319 0.10175695461200586 0.05642023346303502
0 0.70900439238653 0.6964980544747081 0.019765739385065886 0.0311284046692607
0 0.770497803806735 0.6342412451361867 0.04026354319180088 0.03501945525291829
