4 0.2916666666666667 0.5148367952522256 0.12666666666666668 0.1394658753709199
4 0.4366666666666667 0.5252225519287834 0.11666666666666667 0.12462908011869436
4 0.56 0.5400593471810089 0.11 0.13056379821958458
4 0.68 0.5296735905044511 0.11 0.13353115727002968
4 0.13083333333333333 0.5118694362017804 0.10500000000000001 0.1394658753709199
4 0.93 0.5445103857566765 0.06333333333333334 0.12166172106824927
4 0.4675 0.9614243323442137 0.15166666666666667 0.0712166172106825
4 0.63 0.9540059347181009 0.13333333333333333 0.08011869436201781
4 0.7875000000000001 0.9495548961424333 0.13833333333333334 0.0771513353115727
4 0.93 0.9391691394658754 0.12000000000000001 0.08605341246290801
4 0.11083333333333334 0.9584569732937686 0.17500000000000002 0.0771513353115727
4 0.2966666666666667 0.9599406528189911 0.15000000000000002 0.08011869436201781
