3 0.10561299852289513 0.28642384105960267 0.04579025110782866 0.15562913907284767
3 0.11078286558345643 0.7003311258278145 0.09158050221565732 0.11589403973509933
3 0.30428360413589367 0.271523178807947 0.03840472673559823 0.08609271523178808
3 0.35524372230428364 0.25165562913907286 0.04579025110782866 0.10596026490066225
3 0.5132939438700148 0.22019867549668873 0.06646971935007386 0.10264900662251655
3 0.4121122599704579 0.26986754966887416 0.053175775480059084 0.08278145695364239
3 0.5952732644017725 0.2185430463576159 0.06794682422451995 0.11258278145695365
3 0.6750369276218612 0.21357615894039736 0.06499261447562778 0.12251655629139073
3 0.8079763663220089 0.22350993377483444 0.050221565731166914 0.10927152317880795
3 0.8729689807976367 0.20860927152317882 0.05908419497784343 0.11258278145695365
3 0.9342688330871493 0.22185430463576158 0.04874446085672083 0.09271523178807947
